//<Encoding>UTF-8</Encoding>
Cruise	QF	Station	QF	Type	QF	yyyy-mm-ddThh:mm:ss.sss	QF	Longitude [degrees_east]	QF	Latitude [degrees_north]	QF	QV:ODV:STATION	Dummy Var	Longitude	Latitude	Time [yr]	Day of Year	Longitude @ Dummy Var=first	Latitude @ Dummy Var=first	Time [yr] @ Dummy Var=first	Day of Year @ Dummy Var=first	Depth [m]  at  Oxygen [ml/l]=0.45 @ Depth [m]  at  Oxygen [ml/l]=0.45=first
WOA13_1.00deg_1955-2012_Annual	1	25148	1	B	1		1	240.50000	1	10.50000	1	1	0	240.5	10.5			240.5	10.5			134.497
WOA13_1.00deg_1955-2012_Annual	1	25149	1	B	1		1	241.50000	1	10.50000	1	1	0	241.5	10.5			241.5	10.5			130.966
WOA13_1.00deg_1955-2012_Annual	1	25150	1	B	1		1	242.50000	1	10.50000	1	1	0	242.5	10.5			242.5	10.5			128.708
WOA13_1.00deg_1955-2012_Annual	1	25151	1	B	1		1	243.50000	1	10.50000	1	1	0	243.5	10.5			243.5	10.5			127.788
WOA13_1.00deg_1955-2012_Annual	1	25152	1	B	1		1	244.50000	1	10.50000	1	1	0	244.5	10.5			244.5	10.5			127.621
WOA13_1.00deg_1955-2012_Annual	1	25153	1	B	1		1	245.50000	1	10.50000	1	1	0	245.5	10.5			245.5	10.5			128.724
WOA13_1.00deg_1955-2012_Annual	1	25154	1	B	1		1	246.50000	1	10.50000	1	1	0	246.5	10.5			246.5	10.5			147.45
WOA13_1.00deg_1955-2012_Annual	1	25155	1	B	1		1	247.50000	1	10.50000	1	1	0	247.5	10.5			247.5	10.5			133.041
WOA13_1.00deg_1955-2012_Annual	1	25156	1	B	1		1	248.50000	1	10.50000	1	1	0	248.5	10.5			248.5	10.5			134.251
WOA13_1.00deg_1955-2012_Annual	1	25157	1	B	1		1	249.50000	1	10.50000	1	1	0	249.5	10.5			249.5	10.5			139.774
WOA13_1.00deg_1955-2012_Annual	1	25158	1	B	1		1	250.50000	1	10.50000	1	1	0	250.5	10.5			250.5	10.5			130.005
WOA13_1.00deg_1955-2012_Annual	1	25159	1	B	1		1	251.50000	1	10.50000	1	1	0	251.5	10.5			251.5	10.5			129.299
WOA13_1.00deg_1955-2012_Annual	1	25160	1	B	1		1	252.50000	1	10.50000	1	1	0	252.5	10.5			252.5	10.5			131.002
WOA13_1.00deg_1955-2012_Annual	1	25161	1	B	1		1	253.50000	1	10.50000	1	1	0	253.5	10.5			253.5	10.5			133.89
WOA13_1.00deg_1955-2012_Annual	1	25162	1	B	1		1	254.50000	1	10.50000	1	1	0	254.5	10.5			254.5	10.5			139.978
WOA13_1.00deg_1955-2012_Annual	1	25163	1	B	1		1	255.50000	1	10.50000	1	1	0	255.5	10.5			255.5	10.5			146.324
WOA13_1.00deg_1955-2012_Annual	1	25164	1	B	1		1	256.50000	1	10.50000	1	1	0	256.5	10.5			256.5	10.5			162.531
WOA13_1.00deg_1955-2012_Annual	1	25165	1	B	1		1	257.50000	1	10.50000	1	1	0	257.5	10.5			257.5	10.5			294.266
WOA13_1.00deg_1955-2012_Annual	1	25166	1	B	1		1	258.50000	1	10.50000	1	1	0	258.5	10.5			258.5	10.5			297.67
WOA13_1.00deg_1955-2012_Annual	1	25167	1	B	1		1	259.50000	1	10.50000	1	1	0	259.5	10.5			259.5	10.5			284.756
WOA13_1.00deg_1955-2012_Annual	1	25408	1	B	1		1	240.50000	1	11.50000	1	1	0	240.5	11.5			240.5	11.5			129.99
WOA13_1.00deg_1955-2012_Annual	1	25409	1	B	1		1	241.50000	1	11.50000	1	1	0	241.5	11.5			241.5	11.5			128.675
WOA13_1.00deg_1955-2012_Annual	1	25410	1	B	1		1	242.50000	1	11.50000	1	1	0	242.5	11.5			242.5	11.5			125.507
WOA13_1.00deg_1955-2012_Annual	1	25411	1	B	1		1	243.50000	1	11.50000	1	1	0	243.5	11.5			243.5	11.5			125.995
WOA13_1.00deg_1955-2012_Annual	1	25412	1	B	1		1	244.50000	1	11.50000	1	1	0	244.5	11.5			244.5	11.5			124.306
WOA13_1.00deg_1955-2012_Annual	1	25413	1	B	1		1	245.50000	1	11.50000	1	1	0	245.5	11.5			245.5	11.5			126.826
WOA13_1.00deg_1955-2012_Annual	1	25414	1	B	1		1	246.50000	1	11.50000	1	1	0	246.5	11.5			246.5	11.5			126.427
WOA13_1.00deg_1955-2012_Annual	1	25415	1	B	1		1	247.50000	1	11.50000	1	1	0	247.5	11.5			247.5	11.5			130.734
WOA13_1.00deg_1955-2012_Annual	1	25416	1	B	1		1	248.50000	1	11.50000	1	1	0	248.5	11.5			248.5	11.5			132.72
WOA13_1.00deg_1955-2012_Annual	1	25417	1	B	1		1	249.50000	1	11.50000	1	1	0	249.5	11.5			249.5	11.5			136.016
WOA13_1.00deg_1955-2012_Annual	1	25418	1	B	1		1	250.50000	1	11.50000	1	1	0	250.5	11.5			250.5	11.5			128.049
WOA13_1.00deg_1955-2012_Annual	1	25419	1	B	1		1	251.50000	1	11.50000	1	1	0	251.5	11.5			251.5	11.5			129.373
WOA13_1.00deg_1955-2012_Annual	1	25420	1	B	1		1	252.50000	1	11.50000	1	1	0	252.5	11.5			252.5	11.5			131.882
WOA13_1.00deg_1955-2012_Annual	1	25421	1	B	1		1	253.50000	1	11.50000	1	1	0	253.5	11.5			253.5	11.5			134.349
WOA13_1.00deg_1955-2012_Annual	1	25422	1	B	1		1	254.50000	1	11.50000	1	1	0	254.5	11.5			254.5	11.5			134.519
WOA13_1.00deg_1955-2012_Annual	1	25423	1	B	1		1	255.50000	1	11.50000	1	1	0	255.5	11.5			255.5	11.5			137.137
WOA13_1.00deg_1955-2012_Annual	1	25424	1	B	1		1	256.50000	1	11.50000	1	1	0	256.5	11.5			256.5	11.5			137.98
WOA13_1.00deg_1955-2012_Annual	1	25425	1	B	1		1	257.50000	1	11.50000	1	1	0	257.5	11.5			257.5	11.5			142.278
WOA13_1.00deg_1955-2012_Annual	1	25426	1	B	1		1	258.50000	1	11.50000	1	1	0	258.5	11.5			258.5	11.5			137.381
WOA13_1.00deg_1955-2012_Annual	1	25427	1	B	1		1	259.50000	1	11.50000	1	1	0	259.5	11.5			259.5	11.5			138.197
WOA13_1.00deg_1955-2012_Annual	1	25674	1	B	1		1	240.50000	1	12.50000	1	1	0	240.5	12.5			240.5	12.5			132.468
WOA13_1.00deg_1955-2012_Annual	1	25675	1	B	1		1	241.50000	1	12.50000	1	1	0	241.5	12.5			241.5	12.5			129.848
WOA13_1.00deg_1955-2012_Annual	1	25676	1	B	1		1	242.50000	1	12.50000	1	1	0	242.5	12.5			242.5	12.5			133.767
WOA13_1.00deg_1955-2012_Annual	1	25677	1	B	1		1	243.50000	1	12.50000	1	1	0	243.5	12.5			243.5	12.5			129.96
WOA13_1.00deg_1955-2012_Annual	1	25678	1	B	1		1	244.50000	1	12.50000	1	1	0	244.5	12.5			244.5	12.5			131.132
WOA13_1.00deg_1955-2012_Annual	1	25679	1	B	1		1	245.50000	1	12.50000	1	1	0	245.5	12.5			245.5	12.5			129.959
WOA13_1.00deg_1955-2012_Annual	1	25680	1	B	1		1	246.50000	1	12.50000	1	1	0	246.5	12.5			246.5	12.5			131.849
WOA13_1.00deg_1955-2012_Annual	1	25681	1	B	1		1	247.50000	1	12.50000	1	1	0	247.5	12.5			247.5	12.5			135.734
WOA13_1.00deg_1955-2012_Annual	1	25682	1	B	1		1	248.50000	1	12.50000	1	1	0	248.5	12.5			248.5	12.5			135.414
WOA13_1.00deg_1955-2012_Annual	1	25683	1	B	1		1	249.50000	1	12.50000	1	1	0	249.5	12.5			249.5	12.5			138.107
WOA13_1.00deg_1955-2012_Annual	1	25684	1	B	1		1	250.50000	1	12.50000	1	1	0	250.5	12.5			250.5	12.5			130.196
WOA13_1.00deg_1955-2012_Annual	1	25685	1	B	1		1	251.50000	1	12.50000	1	1	0	251.5	12.5			251.5	12.5			137.65
WOA13_1.00deg_1955-2012_Annual	1	25686	1	B	1		1	252.50000	1	12.50000	1	1	0	252.5	12.5			252.5	12.5			138.321
WOA13_1.00deg_1955-2012_Annual	1	25687	1	B	1		1	253.50000	1	12.50000	1	1	0	253.5	12.5			253.5	12.5			133.778
WOA13_1.00deg_1955-2012_Annual	1	25688	1	B	1		1	254.50000	1	12.50000	1	1	0	254.5	12.5			254.5	12.5			133.277
WOA13_1.00deg_1955-2012_Annual	1	25689	1	B	1		1	255.50000	1	12.50000	1	1	0	255.5	12.5			255.5	12.5			134.899
WOA13_1.00deg_1955-2012_Annual	1	25690	1	B	1		1	256.50000	1	12.50000	1	1	0	256.5	12.5			256.5	12.5			132.662
WOA13_1.00deg_1955-2012_Annual	1	25691	1	B	1		1	257.50000	1	12.50000	1	1	0	257.5	12.5			257.5	12.5			130.658
WOA13_1.00deg_1955-2012_Annual	1	25692	1	B	1		1	258.50000	1	12.50000	1	1	0	258.5	12.5			258.5	12.5			126.998
WOA13_1.00deg_1955-2012_Annual	1	25693	1	B	1		1	259.50000	1	12.50000	1	1	0	259.5	12.5			259.5	12.5			128.882
WOA13_1.00deg_1955-2012_Annual	1	25940	1	B	1		1	240.50000	1	13.50000	1	1	0	240.5	13.5			240.5	13.5			144.35
WOA13_1.00deg_1955-2012_Annual	1	25941	1	B	1		1	241.50000	1	13.50000	1	1	0	241.5	13.5			241.5	13.5			142.788
WOA13_1.00deg_1955-2012_Annual	1	25942	1	B	1		1	242.50000	1	13.50000	1	1	0	242.5	13.5			242.5	13.5			149.644
WOA13_1.00deg_1955-2012_Annual	1	25943	1	B	1		1	243.50000	1	13.50000	1	1	0	243.5	13.5			243.5	13.5			148.053
WOA13_1.00deg_1955-2012_Annual	1	25944	1	B	1		1	244.50000	1	13.50000	1	1	0	244.5	13.5			244.5	13.5			146.815
WOA13_1.00deg_1955-2012_Annual	1	25945	1	B	1		1	245.50000	1	13.50000	1	1	0	245.5	13.5			245.5	13.5			145.233
WOA13_1.00deg_1955-2012_Annual	1	25946	1	B	1		1	246.50000	1	13.50000	1	1	0	246.5	13.5			246.5	13.5			144.563
WOA13_1.00deg_1955-2012_Annual	1	25947	1	B	1		1	247.50000	1	13.50000	1	1	0	247.5	13.5			247.5	13.5			143.222
WOA13_1.00deg_1955-2012_Annual	1	25948	1	B	1		1	248.50000	1	13.50000	1	1	0	248.5	13.5			248.5	13.5			139.192
WOA13_1.00deg_1955-2012_Annual	1	25949	1	B	1		1	249.50000	1	13.50000	1	1	0	249.5	13.5			249.5	13.5			133.326
WOA13_1.00deg_1955-2012_Annual	1	25950	1	B	1		1	250.50000	1	13.50000	1	1	0	250.5	13.5			250.5	13.5			139.26
WOA13_1.00deg_1955-2012_Annual	1	25951	1	B	1		1	251.50000	1	13.50000	1	1	0	251.5	13.5			251.5	13.5			138.093
WOA13_1.00deg_1955-2012_Annual	1	25952	1	B	1		1	252.50000	1	13.50000	1	1	0	252.5	13.5			252.5	13.5			132.383
WOA13_1.00deg_1955-2012_Annual	1	25953	1	B	1		1	253.50000	1	13.50000	1	1	0	253.5	13.5			253.5	13.5			132.546
WOA13_1.00deg_1955-2012_Annual	1	25954	1	B	1		1	254.50000	1	13.50000	1	1	0	254.5	13.5			254.5	13.5			129.545
WOA13_1.00deg_1955-2012_Annual	1	25955	1	B	1		1	255.50000	1	13.50000	1	1	0	255.5	13.5			255.5	13.5			126.7
WOA13_1.00deg_1955-2012_Annual	1	25956	1	B	1		1	256.50000	1	13.50000	1	1	0	256.5	13.5			256.5	13.5			127.899
WOA13_1.00deg_1955-2012_Annual	1	25957	1	B	1		1	257.50000	1	13.50000	1	1	0	257.5	13.5			257.5	13.5			124.5
WOA13_1.00deg_1955-2012_Annual	1	25958	1	B	1		1	258.50000	1	13.50000	1	1	0	258.5	13.5			258.5	13.5			125.088
WOA13_1.00deg_1955-2012_Annual	1	25959	1	B	1		1	259.50000	1	13.50000	1	1	0	259.5	13.5			259.5	13.5			125.146
WOA13_1.00deg_1955-2012_Annual	1	26203	1	B	1		1	240.50000	1	14.50000	1	1	0	240.5	14.5			240.5	14.5			161.061
WOA13_1.00deg_1955-2012_Annual	1	26204	1	B	1		1	241.50000	1	14.50000	1	1	0	241.5	14.5			241.5	14.5			160.192
WOA13_1.00deg_1955-2012_Annual	1	26205	1	B	1		1	242.50000	1	14.50000	1	1	0	242.5	14.5			242.5	14.5			158.055
WOA13_1.00deg_1955-2012_Annual	1	26206	1	B	1		1	243.50000	1	14.50000	1	1	0	243.5	14.5			243.5	14.5			157.431
WOA13_1.00deg_1955-2012_Annual	1	26207	1	B	1		1	244.50000	1	14.50000	1	1	0	244.5	14.5			244.5	14.5			156.531
WOA13_1.00deg_1955-2012_Annual	1	26208	1	B	1		1	245.50000	1	14.50000	1	1	0	245.5	14.5			245.5	14.5			152.414
WOA13_1.00deg_1955-2012_Annual	1	26209	1	B	1		1	246.50000	1	14.50000	1	1	0	246.5	14.5			246.5	14.5			148.026
WOA13_1.00deg_1955-2012_Annual	1	26210	1	B	1		1	247.50000	1	14.50000	1	1	0	247.5	14.5			247.5	14.5			147.184
WOA13_1.00deg_1955-2012_Annual	1	26211	1	B	1		1	248.50000	1	14.50000	1	1	0	248.5	14.5			248.5	14.5			143.219
WOA13_1.00deg_1955-2012_Annual	1	26212	1	B	1		1	249.50000	1	14.50000	1	1	0	249.5	14.5			249.5	14.5			132.294
WOA13_1.00deg_1955-2012_Annual	1	26213	1	B	1		1	250.50000	1	14.50000	1	1	0	250.5	14.5			250.5	14.5			139.525
WOA13_1.00deg_1955-2012_Annual	1	26214	1	B	1		1	251.50000	1	14.50000	1	1	0	251.5	14.5			251.5	14.5			138.252
WOA13_1.00deg_1955-2012_Annual	1	26215	1	B	1		1	252.50000	1	14.50000	1	1	0	252.5	14.5			252.5	14.5			137.317
WOA13_1.00deg_1955-2012_Annual	1	26216	1	B	1		1	253.50000	1	14.50000	1	1	0	253.5	14.5			253.5	14.5			130.587
WOA13_1.00deg_1955-2012_Annual	1	26217	1	B	1		1	254.50000	1	14.50000	1	1	0	254.5	14.5			254.5	14.5			127.343
WOA13_1.00deg_1955-2012_Annual	1	26218	1	B	1		1	255.50000	1	14.50000	1	1	0	255.5	14.5			255.5	14.5			120.886
WOA13_1.00deg_1955-2012_Annual	1	26219	1	B	1		1	256.50000	1	14.50000	1	1	0	256.5	14.5			256.5	14.5			118.443
WOA13_1.00deg_1955-2012_Annual	1	26220	1	B	1		1	257.50000	1	14.50000	1	1	0	257.5	14.5			257.5	14.5			121.239
WOA13_1.00deg_1955-2012_Annual	1	26221	1	B	1		1	258.50000	1	14.50000	1	1	0	258.5	14.5			258.5	14.5			118.167
WOA13_1.00deg_1955-2012_Annual	1	26222	1	B	1		1	259.50000	1	14.50000	1	1	0	259.5	14.5			259.5	14.5			116.373
WOA13_1.00deg_1955-2012_Annual	1	26464	1	B	1		1	240.50000	1	15.50000	1	1	0	240.5	15.5			240.5	15.5			178.147
WOA13_1.00deg_1955-2012_Annual	1	26465	1	B	1		1	241.50000	1	15.50000	1	1	0	241.5	15.5			241.5	15.5			177.079
WOA13_1.00deg_1955-2012_Annual	1	26466	1	B	1		1	242.50000	1	15.50000	1	1	0	242.5	15.5			242.5	15.5			175.237
WOA13_1.00deg_1955-2012_Annual	1	26467	1	B	1		1	243.50000	1	15.50000	1	1	0	243.5	15.5			243.5	15.5			172.487
WOA13_1.00deg_1955-2012_Annual	1	26468	1	B	1		1	244.50000	1	15.50000	1	1	0	244.5	15.5			244.5	15.5			168.82
WOA13_1.00deg_1955-2012_Annual	1	26469	1	B	1		1	245.50000	1	15.50000	1	1	0	245.5	15.5			245.5	15.5			163.893
WOA13_1.00deg_1955-2012_Annual	1	26470	1	B	1		1	246.50000	1	15.50000	1	1	0	246.5	15.5			246.5	15.5			156.165
WOA13_1.00deg_1955-2012_Annual	1	26471	1	B	1		1	247.50000	1	15.50000	1	1	0	247.5	15.5			247.5	15.5			149.072
WOA13_1.00deg_1955-2012_Annual	1	26472	1	B	1		1	248.50000	1	15.50000	1	1	0	248.5	15.5			248.5	15.5			135.581
WOA13_1.00deg_1955-2012_Annual	1	26473	1	B	1		1	249.50000	1	15.50000	1	1	0	249.5	15.5			249.5	15.5			135.026
WOA13_1.00deg_1955-2012_Annual	1	26474	1	B	1		1	250.50000	1	15.50000	1	1	0	250.5	15.5			250.5	15.5			134.908
WOA13_1.00deg_1955-2012_Annual	1	26475	1	B	1		1	251.50000	1	15.50000	1	1	0	251.5	15.5			251.5	15.5			137.882
WOA13_1.00deg_1955-2012_Annual	1	26476	1	B	1		1	252.50000	1	15.50000	1	1	0	252.5	15.5			252.5	15.5			135.881
WOA13_1.00deg_1955-2012_Annual	1	26477	1	B	1		1	253.50000	1	15.50000	1	1	0	253.5	15.5			253.5	15.5			128.011
WOA13_1.00deg_1955-2012_Annual	1	26478	1	B	1		1	254.50000	1	15.50000	1	1	0	254.5	15.5			254.5	15.5			124.493
WOA13_1.00deg_1955-2012_Annual	1	26479	1	B	1		1	255.50000	1	15.50000	1	1	0	255.5	15.5			255.5	15.5			116.253
WOA13_1.00deg_1955-2012_Annual	1	26480	1	B	1		1	256.50000	1	15.50000	1	1	0	256.5	15.5			256.5	15.5			117.276
WOA13_1.00deg_1955-2012_Annual	1	26481	1	B	1		1	257.50000	1	15.50000	1	1	0	257.5	15.5			257.5	15.5			109.677
WOA13_1.00deg_1955-2012_Annual	1	26482	1	B	1		1	258.50000	1	15.50000	1	1	0	258.5	15.5			258.5	15.5			107.341
WOA13_1.00deg_1955-2012_Annual	1	26483	1	B	1		1	259.50000	1	15.50000	1	1	0	259.5	15.5			259.5	15.5			106.774
WOA13_1.00deg_1955-2012_Annual	1	26717	1	B	1		1	240.50000	1	16.50000	1	1	0	240.5	16.5			240.5	16.5			197.314
WOA13_1.00deg_1955-2012_Annual	1	26718	1	B	1		1	241.50000	1	16.50000	1	1	0	241.5	16.5			241.5	16.5			191.796
WOA13_1.00deg_1955-2012_Annual	1	26719	1	B	1		1	242.50000	1	16.50000	1	1	0	242.5	16.5			242.5	16.5			186.875
WOA13_1.00deg_1955-2012_Annual	1	26720	1	B	1		1	243.50000	1	16.50000	1	1	0	243.5	16.5			243.5	16.5			180.996
WOA13_1.00deg_1955-2012_Annual	1	26721	1	B	1		1	244.50000	1	16.50000	1	1	0	244.5	16.5			244.5	16.5			179.458
WOA13_1.00deg_1955-2012_Annual	1	26722	1	B	1		1	245.50000	1	16.50000	1	1	0	245.5	16.5			245.5	16.5			175.462
WOA13_1.00deg_1955-2012_Annual	1	26723	1	B	1		1	246.50000	1	16.50000	1	1	0	246.5	16.5			246.5	16.5			167.565
WOA13_1.00deg_1955-2012_Annual	1	26724	1	B	1		1	247.50000	1	16.50000	1	1	0	247.5	16.5			247.5	16.5			155.058
WOA13_1.00deg_1955-2012_Annual	1	26725	1	B	1		1	248.50000	1	16.50000	1	1	0	248.5	16.5			248.5	16.5			144.478
WOA13_1.00deg_1955-2012_Annual	1	26726	1	B	1		1	249.50000	1	16.50000	1	1	0	249.5	16.5			249.5	16.5			134.547
WOA13_1.00deg_1955-2012_Annual	1	26727	1	B	1		1	250.50000	1	16.50000	1	1	0	250.5	16.5			250.5	16.5			134.463
WOA13_1.00deg_1955-2012_Annual	1	26728	1	B	1		1	251.50000	1	16.50000	1	1	0	251.5	16.5			251.5	16.5			131.252
WOA13_1.00deg_1955-2012_Annual	1	26729	1	B	1		1	252.50000	1	16.50000	1	1	0	252.5	16.5			252.5	16.5			133.3
WOA13_1.00deg_1955-2012_Annual	1	26730	1	B	1		1	253.50000	1	16.50000	1	1	0	253.5	16.5			253.5	16.5			124.027
WOA13_1.00deg_1955-2012_Annual	1	26731	1	B	1		1	254.50000	1	16.50000	1	1	0	254.5	16.5			254.5	16.5			115.221
WOA13_1.00deg_1955-2012_Annual	1	26732	1	B	1		1	255.50000	1	16.50000	1	1	0	255.5	16.5			255.5	16.5			109.03
WOA13_1.00deg_1955-2012_Annual	1	26733	1	B	1		1	256.50000	1	16.50000	1	1	0	256.5	16.5			256.5	16.5			106.917
WOA13_1.00deg_1955-2012_Annual	1	26734	1	B	1		1	257.50000	1	16.50000	1	1	0	257.5	16.5			257.5	16.5			100.815
WOA13_1.00deg_1955-2012_Annual	1	26735	1	B	1		1	258.50000	1	16.50000	1	1	0	258.5	16.5			258.5	16.5			88.5887
WOA13_1.00deg_1955-2012_Annual	1	26736	1	B	1		1	259.50000	1	16.50000	1	1	0	259.5	16.5			259.5	16.5			86.497
WOA13_1.00deg_1955-2012_Annual	1	26968	1	B	1		1	240.50000	1	17.50000	1	1	0	240.5	17.5			240.5	17.5			222.183
WOA13_1.00deg_1955-2012_Annual	1	26969	1	B	1		1	241.50000	1	17.50000	1	1	0	241.5	17.5			241.5	17.5			216.046
WOA13_1.00deg_1955-2012_Annual	1	26970	1	B	1		1	242.50000	1	17.50000	1	1	0	242.5	17.5			242.5	17.5			206.881
WOA13_1.00deg_1955-2012_Annual	1	26971	1	B	1		1	243.50000	1	17.50000	1	1	0	243.5	17.5			243.5	17.5			199.292
WOA13_1.00deg_1955-2012_Annual	1	26972	1	B	1		1	244.50000	1	17.50000	1	1	0	244.5	17.5			244.5	17.5			189.715
WOA13_1.00deg_1955-2012_Annual	1	26973	1	B	1		1	245.50000	1	17.50000	1	1	0	245.5	17.5			245.5	17.5			184.561
WOA13_1.00deg_1955-2012_Annual	1	26974	1	B	1		1	246.50000	1	17.50000	1	1	0	246.5	17.5			246.5	17.5			170.283
WOA13_1.00deg_1955-2012_Annual	1	26975	1	B	1		1	247.50000	1	17.50000	1	1	0	247.5	17.5			247.5	17.5			161.422
WOA13_1.00deg_1955-2012_Annual	1	26976	1	B	1		1	248.50000	1	17.50000	1	1	0	248.5	17.5			248.5	17.5			151.167
WOA13_1.00deg_1955-2012_Annual	1	26977	1	B	1		1	249.50000	1	17.50000	1	1	0	249.5	17.5			249.5	17.5			141.905
WOA13_1.00deg_1955-2012_Annual	1	26978	1	B	1		1	250.50000	1	17.50000	1	1	0	250.5	17.5			250.5	17.5			135.106
WOA13_1.00deg_1955-2012_Annual	1	26979	1	B	1		1	251.50000	1	17.50000	1	1	0	251.5	17.5			251.5	17.5			131.144
WOA13_1.00deg_1955-2012_Annual	1	26980	1	B	1		1	252.50000	1	17.50000	1	1	0	252.5	17.5			252.5	17.5			130.732
WOA13_1.00deg_1955-2012_Annual	1	26981	1	B	1		1	253.50000	1	17.50000	1	1	0	253.5	17.5			253.5	17.5			114.817
WOA13_1.00deg_1955-2012_Annual	1	26982	1	B	1		1	254.50000	1	17.50000	1	1	0	254.5	17.5			254.5	17.5			103.937
WOA13_1.00deg_1955-2012_Annual	1	26983	1	B	1		1	255.50000	1	17.50000	1	1	0	255.5	17.5			255.5	17.5			95.578
WOA13_1.00deg_1955-2012_Annual	1	26984	1	B	1		1	256.50000	1	17.50000	1	1	0	256.5	17.5			256.5	17.5			92.4088
WOA13_1.00deg_1955-2012_Annual	1	26985	1	B	1		1	257.50000	1	17.50000	1	1	0	257.5	17.5			257.5	17.5			83.9307
WOA13_1.00deg_1955-2012_Annual	1	27211	1	B	1		1	240.50000	1	18.50000	1	1	0	240.5	18.5			240.5	18.5			256.341
WOA13_1.00deg_1955-2012_Annual	1	27212	1	B	1		1	241.50000	1	18.50000	1	1	0	241.5	18.5			241.5	18.5			248.735
WOA13_1.00deg_1955-2012_Annual	1	27213	1	B	1		1	242.50000	1	18.50000	1	1	0	242.5	18.5			242.5	18.5			235.102
WOA13_1.00deg_1955-2012_Annual	1	27214	1	B	1		1	243.50000	1	18.50000	1	1	0	243.5	18.5			243.5	18.5			216.964
WOA13_1.00deg_1955-2012_Annual	1	27215	1	B	1		1	244.50000	1	18.50000	1	1	0	244.5	18.5			244.5	18.5			203.686
WOA13_1.00deg_1955-2012_Annual	1	27216	1	B	1		1	245.50000	1	18.50000	1	1	0	245.5	18.5			245.5	18.5			192.535
WOA13_1.00deg_1955-2012_Annual	1	27217	1	B	1		1	246.50000	1	18.50000	1	1	0	246.5	18.5			246.5	18.5			179.921
WOA13_1.00deg_1955-2012_Annual	1	27218	1	B	1		1	247.50000	1	18.50000	1	1	0	247.5	18.5			247.5	18.5			165.645
WOA13_1.00deg_1955-2012_Annual	1	27219	1	B	1		1	248.50000	1	18.50000	1	1	0	248.5	18.5			248.5	18.5			155.829
WOA13_1.00deg_1955-2012_Annual	1	27220	1	B	1		1	249.50000	1	18.50000	1	1	0	249.5	18.5			249.5	18.5			145.982
WOA13_1.00deg_1955-2012_Annual	1	27221	1	B	1		1	250.50000	1	18.50000	1	1	0	250.5	18.5			250.5	18.5			136.231
WOA13_1.00deg_1955-2012_Annual	1	27222	1	B	1		1	251.50000	1	18.50000	1	1	0	251.5	18.5			251.5	18.5			131.994
WOA13_1.00deg_1955-2012_Annual	1	27223	1	B	1		1	252.50000	1	18.50000	1	1	0	252.5	18.5			252.5	18.5			123.803
WOA13_1.00deg_1955-2012_Annual	1	27224	1	B	1		1	253.50000	1	18.50000	1	1	0	253.5	18.5			253.5	18.5			111.477
WOA13_1.00deg_1955-2012_Annual	1	27225	1	B	1		1	254.50000	1	18.50000	1	1	0	254.5	18.5			254.5	18.5			104.315
WOA13_1.00deg_1955-2012_Annual	1	27226	1	B	1		1	255.50000	1	18.50000	1	1	0	255.5	18.5			255.5	18.5			93.1834
WOA13_1.00deg_1955-2012_Annual	1	27442	1	B	1		1	240.50000	1	19.50000	1	1	0	240.5	19.5			240.5	19.5			295.098
WOA13_1.00deg_1955-2012_Annual	1	27443	1	B	1		1	241.50000	1	19.50000	1	1	0	241.5	19.5			241.5	19.5			283.204
WOA13_1.00deg_1955-2012_Annual	1	27444	1	B	1		1	242.50000	1	19.50000	1	1	0	242.5	19.5			242.5	19.5			266.747
WOA13_1.00deg_1955-2012_Annual	1	27445	1	B	1		1	243.50000	1	19.50000	1	1	0	243.5	19.5			243.5	19.5			245.231
WOA13_1.00deg_1955-2012_Annual	1	27446	1	B	1		1	244.50000	1	19.50000	1	1	0	244.5	19.5			244.5	19.5			219.955
WOA13_1.00deg_1955-2012_Annual	1	27447	1	B	1		1	245.50000	1	19.50000	1	1	0	245.5	19.5			245.5	19.5			202.03
WOA13_1.00deg_1955-2012_Annual	1	27448	1	B	1		1	246.50000	1	19.50000	1	1	0	246.5	19.5			246.5	19.5			192.142
WOA13_1.00deg_1955-2012_Annual	1	27449	1	B	1		1	247.50000	1	19.50000	1	1	0	247.5	19.5			247.5	19.5			173.207
WOA13_1.00deg_1955-2012_Annual	1	27450	1	B	1		1	248.50000	1	19.50000	1	1	0	248.5	19.5			248.5	19.5			161.123
WOA13_1.00deg_1955-2012_Annual	1	27451	1	B	1		1	249.50000	1	19.50000	1	1	0	249.5	19.5			249.5	19.5			150.287
WOA13_1.00deg_1955-2012_Annual	1	27452	1	B	1		1	250.50000	1	19.50000	1	1	0	250.5	19.5			250.5	19.5			141.35
WOA13_1.00deg_1955-2012_Annual	1	27453	1	B	1		1	251.50000	1	19.50000	1	1	0	251.5	19.5			251.5	19.5			128.966
WOA13_1.00deg_1955-2012_Annual	1	27454	1	B	1		1	252.50000	1	19.50000	1	1	0	252.5	19.5			252.5	19.5			122.082
WOA13_1.00deg_1955-2012_Annual	1	27455	1	B	1		1	253.50000	1	19.50000	1	1	0	253.5	19.5			253.5	19.5			108.78
WOA13_1.00deg_1955-2012_Annual	1	27456	1	B	1		1	254.50000	1	19.50000	1	1	0	254.5	19.5			254.5	19.5			88.7053
WOA13_1.00deg_1955-2012_Annual	1	27676	1	B	1		1	240.50000	1	20.50000	1	1	0	240.5	20.5			240.5	20.5			330.847
WOA13_1.00deg_1955-2012_Annual	1	27677	1	B	1		1	241.50000	1	20.50000	1	1	0	241.5	20.5			241.5	20.5			315.48
WOA13_1.00deg_1955-2012_Annual	1	27678	1	B	1		1	242.50000	1	20.50000	1	1	0	242.5	20.5			242.5	20.5			295.783
WOA13_1.00deg_1955-2012_Annual	1	27679	1	B	1		1	243.50000	1	20.50000	1	1	0	243.5	20.5			243.5	20.5			273.654
WOA13_1.00deg_1955-2012_Annual	1	27680	1	B	1		1	244.50000	1	20.50000	1	1	0	244.5	20.5			244.5	20.5			248.296
WOA13_1.00deg_1955-2012_Annual	1	27681	1	B	1		1	245.50000	1	20.50000	1	1	0	245.5	20.5			245.5	20.5			219.406
WOA13_1.00deg_1955-2012_Annual	1	27682	1	B	1		1	246.50000	1	20.50000	1	1	0	246.5	20.5			246.5	20.5			200.337
WOA13_1.00deg_1955-2012_Annual	1	27683	1	B	1		1	247.50000	1	20.50000	1	1	0	247.5	20.5			247.5	20.5			182.813
WOA13_1.00deg_1955-2012_Annual	1	27684	1	B	1		1	248.50000	1	20.50000	1	1	0	248.5	20.5			248.5	20.5			168.304
WOA13_1.00deg_1955-2012_Annual	1	27685	1	B	1		1	249.50000	1	20.50000	1	1	0	249.5	20.5			249.5	20.5			153.422
WOA13_1.00deg_1955-2012_Annual	1	27686	1	B	1		1	250.50000	1	20.50000	1	1	0	250.5	20.5			250.5	20.5			145.802
WOA13_1.00deg_1955-2012_Annual	1	27687	1	B	1		1	251.50000	1	20.50000	1	1	0	251.5	20.5			251.5	20.5			134.317
WOA13_1.00deg_1955-2012_Annual	1	27688	1	B	1		1	252.50000	1	20.50000	1	1	0	252.5	20.5			252.5	20.5			121.603
WOA13_1.00deg_1955-2012_Annual	1	27689	1	B	1		1	253.50000	1	20.50000	1	1	0	253.5	20.5			253.5	20.5			102.121
WOA13_1.00deg_1955-2012_Annual	1	27897	1	B	1		1	240.50000	1	21.50000	1	1	0	240.5	21.5			240.5	21.5			367.29
WOA13_1.00deg_1955-2012_Annual	1	27898	1	B	1		1	241.50000	1	21.50000	1	1	0	241.5	21.5			241.5	21.5			345.619
WOA13_1.00deg_1955-2012_Annual	1	27899	1	B	1		1	242.50000	1	21.50000	1	1	0	242.5	21.5			242.5	21.5			320.867
WOA13_1.00deg_1955-2012_Annual	1	27900	1	B	1		1	243.50000	1	21.50000	1	1	0	243.5	21.5			243.5	21.5			295.811
WOA13_1.00deg_1955-2012_Annual	1	27901	1	B	1		1	244.50000	1	21.50000	1	1	0	244.5	21.5			244.5	21.5			270.165
WOA13_1.00deg_1955-2012_Annual	1	27902	1	B	1		1	245.50000	1	21.50000	1	1	0	245.5	21.5			245.5	21.5			239.981
WOA13_1.00deg_1955-2012_Annual	1	27903	1	B	1		1	246.50000	1	21.50000	1	1	0	246.5	21.5			246.5	21.5			212.77
WOA13_1.00deg_1955-2012_Annual	1	27904	1	B	1		1	247.50000	1	21.50000	1	1	0	247.5	21.5			247.5	21.5			195.891
WOA13_1.00deg_1955-2012_Annual	1	27905	1	B	1		1	248.50000	1	21.50000	1	1	0	248.5	21.5			248.5	21.5			174.307
WOA13_1.00deg_1955-2012_Annual	1	27906	1	B	1		1	249.50000	1	21.50000	1	1	0	249.5	21.5			249.5	21.5			158.921
WOA13_1.00deg_1955-2012_Annual	1	27907	1	B	1		1	250.50000	1	21.50000	1	1	0	250.5	21.5			250.5	21.5			150.686
WOA13_1.00deg_1955-2012_Annual	1	27908	1	B	1		1	251.50000	1	21.50000	1	1	0	251.5	21.5			251.5	21.5			136.758
WOA13_1.00deg_1955-2012_Annual	1	27909	1	B	1		1	252.50000	1	21.50000	1	1	0	252.5	21.5			252.5	21.5			121.102
WOA13_1.00deg_1955-2012_Annual	1	27910	1	B	1		1	253.50000	1	21.50000	1	1	0	253.5	21.5			253.5	21.5			108.056
WOA13_1.00deg_1955-2012_Annual	1	27911	1	B	1		1	254.50000	1	21.50000	1	1	0	254.5	21.5			254.5	21.5			93.5682
WOA13_1.00deg_1955-2012_Annual	1	28115	1	B	1		1	240.50000	1	22.50000	1	1	0	240.5	22.5			240.5	22.5			398.673
WOA13_1.00deg_1955-2012_Annual	1	28116	1	B	1		1	241.50000	1	22.50000	1	1	0	241.5	22.5			241.5	22.5			372.373
WOA13_1.00deg_1955-2012_Annual	1	28117	1	B	1		1	242.50000	1	22.50000	1	1	0	242.5	22.5			242.5	22.5			345.264
WOA13_1.00deg_1955-2012_Annual	1	28118	1	B	1		1	243.50000	1	22.50000	1	1	0	243.5	22.5			243.5	22.5			317.973
WOA13_1.00deg_1955-2012_Annual	1	28119	1	B	1		1	244.50000	1	22.50000	1	1	0	244.5	22.5			244.5	22.5			286.965
WOA13_1.00deg_1955-2012_Annual	1	28120	1	B	1		1	245.50000	1	22.50000	1	1	0	245.5	22.5			245.5	22.5			259.183
WOA13_1.00deg_1955-2012_Annual	1	28121	1	B	1		1	246.50000	1	22.50000	1	1	0	246.5	22.5			246.5	22.5			232.963
WOA13_1.00deg_1955-2012_Annual	1	28122	1	B	1		1	247.50000	1	22.50000	1	1	0	247.5	22.5			247.5	22.5			202.84
WOA13_1.00deg_1955-2012_Annual	1	28123	1	B	1		1	248.50000	1	22.50000	1	1	0	248.5	22.5			248.5	22.5			176.497
WOA13_1.00deg_1955-2012_Annual	1	28124	1	B	1		1	249.50000	1	22.50000	1	1	0	249.5	22.5			249.5	22.5			166.157
WOA13_1.00deg_1955-2012_Annual	1	28125	1	B	1		1	250.50000	1	22.50000	1	1	0	250.5	22.5			250.5	22.5			146.178
WOA13_1.00deg_1955-2012_Annual	1	28126	1	B	1		1	251.50000	1	22.50000	1	1	0	251.5	22.5			251.5	22.5			139.16
WOA13_1.00deg_1955-2012_Annual	1	28127	1	B	1		1	252.50000	1	22.50000	1	1	0	252.5	22.5			252.5	22.5			128.156
WOA13_1.00deg_1955-2012_Annual	1	28128	1	B	1		1	253.50000	1	22.50000	1	1	0	253.5	22.5			253.5	22.5			106.254
WOA13_1.00deg_1955-2012_Annual	1	28332	1	B	1		1	240.50000	1	23.50000	1	1	0	240.5	23.5			240.5	23.5			418.964
WOA13_1.00deg_1955-2012_Annual	1	28333	1	B	1		1	241.50000	1	23.50000	1	1	0	241.5	23.5			241.5	23.5			400
WOA13_1.00deg_1955-2012_Annual	1	28334	1	B	1		1	242.50000	1	23.50000	1	1	0	242.5	23.5			242.5	23.5			365.594
WOA13_1.00deg_1955-2012_Annual	1	28335	1	B	1		1	243.50000	1	23.50000	1	1	0	243.5	23.5			243.5	23.5			339.042
WOA13_1.00deg_1955-2012_Annual	1	28336	1	B	1		1	244.50000	1	23.50000	1	1	0	244.5	23.5			244.5	23.5			308.099
WOA13_1.00deg_1955-2012_Annual	1	28337	1	B	1		1	245.50000	1	23.50000	1	1	0	245.5	23.5			245.5	23.5			274.218
WOA13_1.00deg_1955-2012_Annual	1	28338	1	B	1		1	246.50000	1	23.50000	1	1	0	246.5	23.5			246.5	23.5			241.364
WOA13_1.00deg_1955-2012_Annual	1	28339	1	B	1		1	247.50000	1	23.50000	1	1	0	247.5	23.5			247.5	23.5			211.439
WOA13_1.00deg_1955-2012_Annual	1	28340	1	B	1		1	248.50000	1	23.50000	1	1	0	248.5	23.5			248.5	23.5			178.941
WOA13_1.00deg_1955-2012_Annual	1	28341	1	B	1		1	249.50000	1	23.50000	1	1	0	249.5	23.5			249.5	23.5			158.267
WOA13_1.00deg_1955-2012_Annual	1	28342	1	B	1		1	251.50000	1	23.50000	1	1	0	251.5	23.5			251.5	23.5			150.927
WOA13_1.00deg_1955-2012_Annual	1	28343	1	B	1		1	252.50000	1	23.50000	1	1	0	252.5	23.5			252.5	23.5			137.31
WOA13_1.00deg_1955-2012_Annual	1	28556	1	B	1		1	240.50000	1	24.50000	1	1	0	240.5	24.5			240.5	24.5			442.498
WOA13_1.00deg_1955-2012_Annual	1	28557	1	B	1		1	241.50000	1	24.50000	1	1	0	241.5	24.5			241.5	24.5			417.958
WOA13_1.00deg_1955-2012_Annual	1	28558	1	B	1		1	242.50000	1	24.50000	1	1	0	242.5	24.5			242.5	24.5			391.611
WOA13_1.00deg_1955-2012_Annual	1	28559	1	B	1		1	243.50000	1	24.50000	1	1	0	243.5	24.5			243.5	24.5			360.809
WOA13_1.00deg_1955-2012_Annual	1	28560	1	B	1		1	244.50000	1	24.50000	1	1	0	244.5	24.5			244.5	24.5			327.298
WOA13_1.00deg_1955-2012_Annual	1	28561	1	B	1		1	245.50000	1	24.50000	1	1	0	245.5	24.5			245.5	24.5			291.491
WOA13_1.00deg_1955-2012_Annual	1	28562	1	B	1		1	246.50000	1	24.50000	1	1	0	246.5	24.5			246.5	24.5			253.158
WOA13_1.00deg_1955-2012_Annual	1	28563	1	B	1		1	247.50000	1	24.50000	1	1	0	247.5	24.5			247.5	24.5			215.712
WOA13_1.00deg_1955-2012_Annual	1	28564	1	B	1		1	250.50000	1	24.50000	1	1	0	250.5	24.5			250.5	24.5			199.022
WOA13_1.00deg_1955-2012_Annual	1	28565	1	B	1		1	251.50000	1	24.50000	1	1	0	251.5	24.5			251.5	24.5			195.404
WOA13_1.00deg_1955-2012_Annual	1	28773	1	B	1		1	240.50000	1	25.50000	1	1	0	240.5	25.5			240.5	25.5			464.428
WOA13_1.00deg_1955-2012_Annual	1	28774	1	B	1		1	241.50000	1	25.50000	1	1	0	241.5	25.5			241.5	25.5			440.16
WOA13_1.00deg_1955-2012_Annual	1	28775	1	B	1		1	242.50000	1	25.50000	1	1	0	242.5	25.5			242.5	25.5			414.497
WOA13_1.00deg_1955-2012_Annual	1	28776	1	B	1		1	243.50000	1	25.50000	1	1	0	243.5	25.5			243.5	25.5			384.18
WOA13_1.00deg_1955-2012_Annual	1	28777	1	B	1		1	244.50000	1	25.50000	1	1	0	244.5	25.5			244.5	25.5			345.389
WOA13_1.00deg_1955-2012_Annual	1	28778	1	B	1		1	245.50000	1	25.50000	1	1	0	245.5	25.5			245.5	25.5			298.933
WOA13_1.00deg_1955-2012_Annual	1	28779	1	B	1		1	246.50000	1	25.50000	1	1	0	246.5	25.5			246.5	25.5			237.925
WOA13_1.00deg_1955-2012_Annual	1	28780	1	B	1		1	247.50000	1	25.50000	1	1	0	247.5	25.5			247.5	25.5			201.789
WOA13_1.00deg_1955-2012_Annual	1	28781	1	B	1		1	250.50000	1	25.50000	1	1	0	250.5	25.5			250.5	25.5			194.592
WOA13_1.00deg_1955-2012_Annual	1	28984	1	B	1		1	240.50000	1	26.50000	1	1	0	240.5	26.5			240.5	26.5			483.373
WOA13_1.00deg_1955-2012_Annual	1	28985	1	B	1		1	241.50000	1	26.50000	1	1	0	241.5	26.5			241.5	26.5			460.394
WOA13_1.00deg_1955-2012_Annual	1	28986	1	B	1		1	242.50000	1	26.50000	1	1	0	242.5	26.5			242.5	26.5			436.26
WOA13_1.00deg_1955-2012_Annual	1	28987	1	B	1		1	243.50000	1	26.50000	1	1	0	243.5	26.5			243.5	26.5			408.431
WOA13_1.00deg_1955-2012_Annual	1	28988	1	B	1		1	244.50000	1	26.50000	1	1	0	244.5	26.5			244.5	26.5			362.964
WOA13_1.00deg_1955-2012_Annual	1	28989	1	B	1		1	245.50000	1	26.50000	1	1	0	245.5	26.5			245.5	26.5			299.039
WOA13_1.00deg_1955-2012_Annual	1	28990	1	B	1		1	246.50000	1	26.50000	1	1	0	246.5	26.5			246.5	26.5			
WOA13_1.00deg_1955-2012_Annual	1	28991	1	B	1		1	249.50000	1	26.50000	1	1	0	249.5	26.5			249.5	26.5			247.495
WOA13_1.00deg_1955-2012_Annual	1	29192	1	B	1		1	240.50000	1	27.50000	1	1	0	240.5	27.5			240.5	27.5			501.719
WOA13_1.00deg_1955-2012_Annual	1	29193	1	B	1		1	241.50000	1	27.50000	1	1	0	241.5	27.5			241.5	27.5			477.055
WOA13_1.00deg_1955-2012_Annual	1	29194	1	B	1		1	242.50000	1	27.50000	1	1	0	242.5	27.5			242.5	27.5			458.87
WOA13_1.00deg_1955-2012_Annual	1	29195	1	B	1		1	243.50000	1	27.50000	1	1	0	243.5	27.5			243.5	27.5			435.534
WOA13_1.00deg_1955-2012_Annual	1	29196	1	B	1		1	244.50000	1	27.50000	1	1	0	244.5	27.5			244.5	27.5			398.529
WOA13_1.00deg_1955-2012_Annual	1	29197	1	B	1		1	248.50000	1	27.50000	1	1	0	248.5	27.5			248.5	27.5			317.57
WOA13_1.00deg_1955-2012_Annual	1	29399	1	B	1		1	240.50000	1	28.50000	1	1	0	240.5	28.5			240.5	28.5			511.018
WOA13_1.00deg_1955-2012_Annual	1	29400	1	B	1		1	241.50000	1	28.50000	1	1	0	241.5	28.5			241.5	28.5			491.909
WOA13_1.00deg_1955-2012_Annual	1	29401	1	B	1		1	242.50000	1	28.50000	1	1	0	242.5	28.5			242.5	28.5			473.141
WOA13_1.00deg_1955-2012_Annual	1	29402	1	B	1		1	243.50000	1	28.50000	1	1	0	243.5	28.5			243.5	28.5			453.77
WOA13_1.00deg_1955-2012_Annual	1	29403	1	B	1		1	244.50000	1	28.50000	1	1	0	244.5	28.5			244.5	28.5			404.303
WOA13_1.00deg_1955-2012_Annual	1	29404	1	B	1		1	245.50000	1	28.50000	1	1	0	245.5	28.5			245.5	28.5			
WOA13_1.00deg_1955-2012_Annual	1	29602	1	B	1		1	240.50000	1	29.50000	1	1	0	240.5	29.5			240.5	29.5			517.506
WOA13_1.00deg_1955-2012_Annual	1	29603	1	B	1		1	241.50000	1	29.50000	1	1	0	241.5	29.5			241.5	29.5			501.768
WOA13_1.00deg_1955-2012_Annual	1	29604	1	B	1		1	242.50000	1	29.50000	1	1	0	242.5	29.5			242.5	29.5			490.173
WOA13_1.00deg_1955-2012_Annual	1	29605	1	B	1		1	243.50000	1	29.50000	1	1	0	243.5	29.5			243.5	29.5			486.626
WOA13_1.00deg_1955-2012_Annual	1	29798	1	B	1		1	240.50000	1	30.50000	1	1	0	240.5	30.5			240.5	30.5			514.347
WOA13_1.00deg_1955-2012_Annual	1	29799	1	B	1		1	241.50000	1	30.50000	1	1	0	241.5	30.5			241.5	30.5			504.166
WOA13_1.00deg_1955-2012_Annual	1	29800	1	B	1		1	242.50000	1	30.50000	1	1	0	242.5	30.5			242.5	30.5			490.511
WOA13_1.00deg_1955-2012_Annual	1	29801	1	B	1		1	243.50000	1	30.50000	1	1	0	243.5	30.5			243.5	30.5			492.741
WOA13_1.00deg_1955-2012_Annual	1	29802	1	B	1		1	246.50000	1	30.50000	1	1	0	246.5	30.5			246.5	30.5			
WOA13_1.00deg_1955-2012_Annual	1	29994	1	B	1		1	240.50000	1	31.50000	1	1	0	240.5	31.5			240.5	31.5			507.436
WOA13_1.00deg_1955-2012_Annual	1	29995	1	B	1		1	241.50000	1	31.50000	1	1	0	241.5	31.5			241.5	31.5			491.35
WOA13_1.00deg_1955-2012_Annual	1	29996	1	B	1		1	242.50000	1	31.50000	1	1	0	242.5	31.5			242.5	31.5			478.364
WOA13_1.00deg_1955-2012_Annual	1	30198	1	B	1		1	240.50000	1	32.50000	1	1	0	240.5	32.5			240.5	32.5			493.09
WOA13_1.00deg_1955-2012_Annual	1	30199	1	B	1		1	241.50000	1	32.50000	1	1	0	241.5	32.5			241.5	32.5			488.845
WOA13_1.00deg_1955-2012_Annual	1	30200	1	B	1		1	242.50000	1	32.50000	1	1	0	242.5	32.5			242.5	32.5			574.592
WOA13_1.00deg_1955-2012_Annual	1	30406	1	B	1		1	240.50000	1	33.50000	1	1	0	240.5	33.5			240.5	33.5			462.204
WOA13_1.00deg_1955-2012_Annual	1	30407	1	B	1		1	241.50000	1	33.50000	1	1	0	241.5	33.5			241.5	33.5			450.883
